// Homunculus Experience Tables
6
9
12
15
18
21
24
30
33
39
42
48
54
60
69
75
84
93
102
114
164
180
196
216
236
256
280
300
328
352
380
408
440
472
508
544
584
624
664
708
756
1005
1065
1130
1200
1270
1345
1425
1505
1585
1675
1765
1855
1955
2055
2155
2265
2375
2490
2610
2730
2855
3582
3744
3912
4080
4260
4440
4626
4818
5016
5220
5424
5640
5856
6084
6312
6552
6792
7044
7296
7560
9128
9450
9779
10115
10458
10808
11165
11529
11907
12285
12677
13076
13482
13902
14322
14756
15197
15652
16114
16583
17059
20048
20616
21200
21784
22384
23000
23624
24256
24896
25560
26224
26904
27600
28296
29016
29744
30480
31232
32000
32776
33568
38664
39582
40509
41463
42417
43398
44388
45396
46413
47448
48501
49572
50652
51750
52866
54000
55143
56313
57492
58689
59895
67920
69300
70710
72130
73570
75030
76510
78010
79530
81070
82630
84210
85810
87430
89070
90730
92410
94110
95830
97580
109274
111243
113223
115236
117271
119339
121418
123530
125653
127809
129998
132198
134431
136686
138974
141273
143605
145970
148346
150766
153197
169812
172524
175272
178044
180840
183672
186528
189420
192348
195288
198276
201288
204324
207396
210504
213636
216792
219996
223224
226476
229764
252512
256152
259818
263523
267254
271024
274833
278681
282568
286481
290433
294424
298441
302510
306605
310739
314912
319124
323375
327665
331981
362222
366954
371728
376558
381416
386316
391258
396256
401282
406350
411474
416626
421834
427070
432362
437696
443072
448490
453950
459466
498225
0
