// Guild Experience Tables
1000000
2000000
4000000
7000000
11000000
16000000
22000000
29000000
37000000
46000000
56000000
72000000
79000000
72000000
106000000
121000000
137000000
154000000
172000000
191000000
211000000
232000000
254000000
277000000
301000000
326000000
352000000
379000000
407000000
436000000
466000000
497000000
529000000
562000000
596000000
631000000
667000000
704000000
742000000
781000000
821000000
862000000
904000000
947000000
1000000000
1000000000
1000000000
1000000000
1000000000
